Multiple size <= 100
TEST 1 ARG:56 86 63 46 21 22 66 50 34 32 49 74 91 14 96 79 7 58 12 38 54 3 90 20 64 53 94 41 25 69 84 92 33 45 62 28 19 93 47 5 31 1 95 59 35 75 78 51 70 89 99 0 65 39 16 36 9 6 82 30 85 8 15 26 57 97 80 73 37 71 11 81 55 48 88 4 67 98 29 27 40 76 10 2 60 72 24 52 68 13 23 44 83 17 43 18 61 87 42 77
TEST 2 ARG:39 13 57 28 8 24 75 44 98 64 22 42 62 43 81 89 78 68 38 12 47 40 48 96 69 0 30 73 83 6 93 70 17 26 71 25 74 56 87 88 21 60 90 14 86 99 85 91 9 49 27 84 55 50 1 92 45 34 5 4 76 53 23 97 37 41 54 29 7 72 63 46 15 79 61 33 2 77 20 67 65 31 16 59 94 18 80 36 58 51 10 3 82 32 52 35 66 19 95 11
TEST 3 ARG:40 96 47 53 69 28 70 32 58 48 11 5 88 83 82 68 54 6 9 33 43 78 94 81 14 7 66 98 62 55 92 1 57 89 86 50 39 23 36 73 95 52 60 42 67 75 49 72 0 29 16 97 63 22 41 3 34 74 35 71 80 77 64 45 38 20 79 93 61 21 99 91 87 76 84 65 8 56 25 10 24 26 85 15 17 27 2 59 44 46 13 30 12 31 18 90 19 51 4 37
TEST 4 ARG:76 56 21 18 15 72 66 16 67 48 1 23 50 9 58 57 28 81 32 39 27 59 73 42 41 69 30 63 89 38 98 34 55 91 19 92 45 36 83 8 6 70 68 80 90 49 74 85 61 0 75 87 12 82 37 88 51 17 24 43 3 54 7 4 26 53 97 2 40 77 52 64 86 96 35 44 14 29 22 79 62 84 95 31 93 20 47 5 65 25 46 60 94 78 33 13 99 71 10 11
TEST 5 ARG:53 50 93 71 23 95 69 66 85 27 13 22 30 80 55 81 76 15 58 72 34 25 31 52 42 82 24 68 96 65 44 29 17 14 35 1 41 83 20 57 99 67 78 12 94 4 32 87 63 47 59 38 91 45 48 73 98 77 49 26 86 5 84 97 18 36 56 74 40 3 7 0 54 43 61 89 28 6 8 75 51 60 79 90 21 70 2 64 88 46 39 37 16 92 33 19 10 9 11 62
TEST 6 ARG:2 54 81 45 6 49 88 99 58 62 16 19 67 13 34 89 9 5 27 47 70 55 91 39 53 24 38 78 75 22 48 11 66 84 79 20 61 44 7 96 23 12 42 17 63 50 1 31 59 65 76 74 4 29 46 73 90 69 83 30 82 3 94 97 86 40 10 64 18 93 87 36 85 8 35 80 26 0 51 52 41 14 43 71 72 37 60 68 56 28 98 77 32 25 21 92 33 95 15 57
TEST 7 ARG:64 25 23 49 36 41 80 83 70 7 82 57 37 16 51 55 79 1 90 5 67 85 13 28 30 19 53 66 69 93 47 84 50 73 46 6 81 96 11 15 18 29 42 62 71 92 72 26 44 34 2 17 86 98 48 76 31 88 59 74 33 94 32 75 39 10 77 65 40 38 35 99 9 52 60 20 63 21 68 87 78 0 14 24 27 3 12 45 91 95 4 58 89 56 97 54 61 22 43 8
TEST 8 ARG:49 25 21 46 14 80 76 75 86 96 90 6 0 95 55 8 1 16 67 2 57 89 36 3 11 60 79 48 27 81 65 29 56 88 13 64 37 12 50 33 72 4 22 26 73 47 98 93 38 19 69 97 24 66 51 28 78 77 62 84 63 52 54 23 53 83 68 35 71 74 58 40 30 41 91 39 18 44 32 20 99 87 42 5 92 82 31 45 10 85 43 15 70 61 59 94 9 34 7 17
TEST 9 ARG:91 35 72 43 49 25 62 20 59 99 81 31 80 57 50 42 6 48 2 34 79 93 28 82 85 94 44 18 84 66 77 29 39 88 12 47 27 38 98 71 4 97 17 67 60 13 36 21 45 73 87 56 58 14 40 68 92 26 33 64 63 51 16 3 61 10 75 19 53 24 89 23 83 30 70 8 15 5 9 90 65 7 52 0 22 95 96 86 55 78 76 1 32 37 41 54 46 69 74 11
TEST 10 ARG:79 93 82 35 27 29 47 43 77 5 75 56 89 25 37 41 57 54 4 50 11 96 40 16 64 13 6 92 31 90 86 97 9 8 62 48 95 80 55 67 85 33 52 39 7 66 69 84 88 22 36 14 17 81 18 45 38 71 42 46 72 74 98 83 2 10 3 49 12 87 78 15 32 91 94 34 0 28 19 20 73 44 1 63 30 24 58 65 23 21 60 26 53 99 76 61 68 59 70 51
TEST 11 ARG:73 88 52 22 32 9 62 70 4 61 72 46 86 98 30 58 77 39 17 50 24 40 75 21 8 81 41 36 68 95 37 85 45 93 43 12 63 53 34 26 54 20 59 92 19 16 89 79 3 5 23 80 38 67 91 15 69 1 60 74 29 51 82 83 27 65 7 10 57 44 49 97 78 84 25 66 48 56 96 33 18 11 71 47 13 64 28 6 90 31 94 42 14 2 35 55 76 0 99 87
TEST 12 ARG:39 88 77 97 25 96 15 0 60 75 59 14 37 85 2 46 90 45 82 51 21 17 81 83 70 12 7 38 62 68 57 10 93 98 19 6 87 94 76 30 26 43 58 31 40 41 95 48 66 35 78 50 11 49 89 42 47 63 73 80 84 99 4 32 8 34 72 52 18 16 1 69 61 74 20 79 28 44 29 5 64 91 3 92 86 67 22 55 54 23 9 33 53 13 71 36 24 56 65 27
TEST 13 ARG:79 10 84 78 82 65 67 5 85 8 61 63 83 38 60 19 0 77 31 45 6 70 13 14 29 57 50 98 55 97 4 53 49 99 54 80 25 75 72 23 37 21 89 30 9 93 42 47 68 56 27 88 44 96 33 35 36 40 76 58 69 7 41 20 94 34 43 28 16 3 17 26 11 73 2 91 71 59 95 46 32 90 81 62 22 87 74 18 12 39 52 15 92 24 66 1 51 86 64 48
TEST 14 ARG:46 41 13 44 59 56 93 37 89 18 28 92 91 51 84 16 9 88 64 52 24 8 35 39 94 48 40 62 60 5 15 10 12 71 90 75 45 14 96 77 65 42 6 21 97 3 95 4 50 74 70 82 0 27 58 32 36 67 72 86 49 7 43 29 83 26 55 33 31 73 17 23 19 79 98 78 20 99 2 47 38 57 81 1 22 87 61 30 66 85 34 76 68 11 63 25 53 54 80 69
TEST 15 ARG:5 91 35 26 94 79 76 43 78 46 27 51 59 28 86 40 19 44 68 16 37 72 88 22 69 70 56 74 73 75 95 53 47 80 0 98 3 81 64 77 60 21 50 2 67 89 62 82 45 83 8 61 11 66 85 7 13 31 63 42 6 4 12 65 84 14 71 52 15 54 92 29 23 38 57 9 87 18 48 39 24 99 55 17 41 96 32 25 34 10 97 49 30 93 33 1 36 58 90 20
TEST 16 ARG:1 61 52 92 70 30 74 63 6 38 37 55 24 22 18 54 84 14 62 91 25 46 86 4 97 98 0 2 83 21 28 44 7 3 99 20 47 17 94 76 48 43 71 49 93 60 90 8 65 33 58 57 75 32 73 15 34 85 88 89 16 50 26 87 64 53 39 36 35 13 69 10 95 72 67 12 41 66 5 23 80 51 81 79 42 31 40 68 11 82 56 27 19 9 45 77 96 78 29 59
TEST 17 ARG:44 22 79 47 4 82 7 90 81 40 62 39 42 5 38 14 63 10 64 49 88 75 24 67 27 37 12 92 85 57 2 99 73 0 36 13 66 89 61 11 15 74 84 9 8 31 51 30 29 26 72 35 97 56 25 91 83 94 68 28 20 43 45 46 41 21 1 87 32 69 55 78 16 23 70 95 18 71 50 86 98 54 58 60 34 52 48 19 17 76 65 53 6 96 33 93 77 3 80 59
TEST 18 ARG:74 33 65 35 81 47 71 22 62 54 51 91 45 30 28 27 4 29 42 25 44 89 31 13 50 86 61 67 72 95 92 84 60 49 66 77 87 55 34 1 41 12 56 14 58 68 24 94 79 19 36 69 63 15 2 48 26 96 70 39 43 17 93 23 75 53 85 59 21 0 82 40 83 3 8 5 18 46 52 90 9 73 64 11 7 10 88 37 99 57 6 80 38 98 16 32 76 20 78 97
TEST 19 ARG:83 77 97 86 15 67 62 30 54 40 72 89 59 81 27 70 25 0 11 13 42 29 96 17 3 88 78 92 61 71 75 32 94 55 58 66 85 39 48 35 56 87 52 37 45 6 23 80 79 98 46 5 38 69 73 18 7 1 51 49 74 16 90 22 41 53 65 2 99 84 36 4 24 60 82 91 12 43 44 14 50 47 10 93 21 31 57 33 68 28 26 64 63 76 9 95 34 8 20 19
TEST 20 ARG:91 77 72 56 4 87 41 7 38 83 54 33 27 68 48 71 46 47 5 57 28 55 90 67 9 97 42 78 10 11 26 52 2 14 50 84 88 39 99 0 31 34 75 51 85 16 30 76 43 74 89 45 1 96 61 62 13 49 58 63 53 81 60 37 23 35 93 66 94 79 80 92 24 32 19 15 73 6 17 69 3 21 25 82 12 59 70 64 20 18 40 86 98 36 65 8 95 44 29 22
TEST 21 ARG:8 73 33 15 57 67 45 90 87 59 28 10 88 37 71 75 80 24 4 39 12 38 70 43 69 6 54 55 85 18 98 46 34 0 65 25 49 50 79 31 68 11 14 78 47 51 89 77 2 1 92 5 20 44 36 83 29 64 19 84 22 66 23 40 62 99 91 48 32 7 41 72 30 26 3 97 21 17 74 27 16 60 94 42 96 35 76 81 61 63 86 13 9 82 58 52 56 93 53 95
TEST 22 ARG:96 47 99 49 61 81 32 83 13 10 23 41 33 18 98 1 29 35 46 91 34 92 36 73 71 70 60 28 3 72 65 8 85 42 43 48 57 68 7 88 82 66 27 30 67 97 15 64 86 77 62 26 53 95 55 75 12 16 90 44 93 17 80 52 59 45 24 84 58 40 38 31 56 76 4 0 79 14 25 94 51 9 11 69 2 63 37 5 20 74 78 87 89 21 54 39 22 19 50 6
TEST 23 ARG:0 71 8 6 83 61 58 57 10 79 86 16 87 45 44 43 65 95 84 77 32 78 18 13 26 36 69 49 97 25 72 85 64 23 73 89 17 98 46 96 55 40 75 92 38 34 15 60 19 70 9 74 21 42 7 4 68 11 39 56 35 88 99 2 51 47 76 22 93 30 33 48 12 53 80 82 54 5 27 59 91 50 14 66 67 94 1 29 62 20 90 52 63 24 41 81 37 31 28 3
TEST 24 ARG:91 45 87 67 75 12 36 8 19 40 57 33 77 41 71 72 54 10 37 63 49 69 74 79 24 65 97 32 3 81 85 82 78 50 43 99 0 89 68 22 30 86 20 16 51 47 25 39 95 27 66 18 48 6 38 80 96 44 31 73 13 76 46 94 1 70 15 58 98 93 17 56 59 23 88 26 14 55 35 64 84 53 21 2 9 52 11 83 62 4 5 7 92 42 34 60 61 29 90 28
TEST 25 ARG:30 91 79 64 83 85 56 29 60 32 57 21 92 39 12 40 74 99 6 27 54 10 90 22 67 41 73 25 3 76 11 86 82 37 78 53 7 50 77 93 23 88 69 20 44 36 52 87 71 16 95 48 68 89 14 66 42 15 19 8 2 5 26 31 46 47 62 70 58 13 35 18 72 96 75 65 97 17 61 33 63 4 59 1 98 0 81 38 55 9 51 80 28 45 84 24 43 94 34 49
TEST 26 ARG:10 48 93 3 58 57 83 62 43 90 66 47 78 60 7 68 85 40 33 87 39 32 16 4 84 92 42 28 75 56 20 71 82 44 2 21 69 94 18 27 24 15 79 35 70 30 61 1 45 8 0 97 95 53 12 98 80 23 86 38 37 22 13 72 9 19 76 46 63 6 99 89 52 88 74 55 81 11 34 67 49 77 51 26 65 17 54 25 59 96 29 50 41 31 64 36 73 14 5 91
TEST 27 ARG:74 54 7 60 39 50 78 31 90 98 76 5 57 48 95 23 64 4 71 87 19 25 61 80 29 99 86 55 36 22 58 79 88 41 97 35 40 66 85 38 13 0 26 51 91 2 8 69 82 84 11 89 3 93 92 94 14 9 12 18 34 15 68 27 83 10 32 44 47 56 16 59 33 46 73 52 42 70 65 75 30 81 43 24 63 21 6 17 72 37 53 62 49 45 67 1 77 96 28 20
TEST 28 ARG:74 26 61 18 58 22 88 20 48 73 98 97 53 7 12 40 42 54 6 49 90 15 80 76 45 83 34 55 70 91 28 93 68 57 3 24 4 38 27 71 50 79 69 63 84 43 32 1 23 99 92 78 62 65 10 94 56 75 29 85 36 46 35 82 19 0 2 59 33 9 72 96 60 81 21 37 95 86 87 5 16 8 30 11 44 77 64 51 17 47 67 41 66 39 13 25 52 14 31 89
TEST 29 ARG:7 51 21 63 80 90 94 0 38 42 24 88 9 91 44 82 58 69 99 74 52 8 29 13 54 22 39 45 83 40 19 48 64 43 6 70 76 97 93 26 36 95 1 87 49 72 67 33 92 32 20 75 47 37 27 35 25 59 96 81 46 14 84 50 4 28 73 16 98 5 12 11 18 2 66 60 56 78 62 85 68 55 10 41 53 34 23 15 89 31 57 77 61 65 30 17 71 79 3 86
TEST 30 ARG:1 10 85 19 47 81 15 23 82 99 91 35 98 71 44 59 48 89 94 40 9 12 32 80 26 88 5 92 67 21 56 41 52 36 46 49 74 72 75 4 55 18 51 43 50 57 86 13 63 84 29 65 62 42 95 3 37 22 20 33 64 6 73 34 53 31 60 28 45 24 87 54 97 11 96 25 27 38 78 2 93 16 90 79 0 66 17 30 83 8 39 70 58 76 14 77 68 69 7 61
TEST 31 ARG:57 50 39 16 35 89 48 72 25 43 41 59 47 91 24 29 32 42 31 67 20 69 46 36 92 62 45 27 61 70 95 65 81 74 56 53 15 0 64 34 73 17 33 18 55 49 9 28 13 38 51 85 83 82 12 97 54 21 14 5 4 22 52 94 90 37 11 44 40 3 23 78 19 58 75 77 60 30 99 79 10 84 88 80 76 96 8 68 6 98 2 26 1 71 87 63 93 66 86 7
TEST 32 ARG:82 19 95 0 84 57 35 26 65 44 66 70 6 11 60 54 23 25 41 8 71 12 81 13 48 1 73 69 67 78 99 18 88 16 89 87 50 10 27 21 24 49 47 74 62 52 39 3 79 14 33 45 59 51 56 53 36 46 55 91 2 28 4 34 43 75 68 17 97 90 9 80 30 7 77 72 85 40 83 32 94 61 15 37 64 93 86 42 96 58 76 22 63 29 5 98 38 20 31 92
